1:
Compare [[[8,[4,3,4]],[[4,8,4,0,4],[3],10,[10,10,5,5,7]],10],[2,[],6,9]] vs. [[[6],[],[[]],[5,4,6,9]],[[[9,0,10],[7,2,7]],8,9,0,[[2,9,1,3,5],1,[],10,[]]],[9]]
Compare [[8,[4,3,4]],[[4,8,4,0,4],[3],10,[10,10,5,5,7]],10] vs. [[6],[],[[]],[5,4,6,9]]
Compare [8,[4,3,4]] vs. [6]
Compare 8 vs. 6
 - wrong

2:
Compare [[],[[6,8,0,5]]] vs. [[3],[3,[]],[[4]]]
Compare [] vs. [3]
 - right

3:
Compare [[8,[10]],[1,10,[1,[4,3,1,6],[],[5]]],[3,[1]],[1,8,2,[3,4]]] vs. [[1]]
Compare [8,[10]] vs. [1]
Compare 8 vs. 1
 - wrong

4:
Compare [[9,[],[]],[7,0,[6,4,7],7],[[[0,1,3]],2,6,5],[10,[9,10,9]]] vs. [[10,[[2],[0]],7,5,[[3,6,10,1,3],[10,6],0,[3,7]]],[[1],[],[[8,8,10,8],[],[6,5,8,3]],[[5,10,7],[1,2,4]]],[[8,2,0],[3,[]]],[],[[0]]]
Compare [9,[],[]] vs. [10,[[2],[0]],7,5,[[3,6,10,1,3],[10,6],0,[3,7]]]
Compare 9 vs. 10
 - right

5:
Compare [[[[3]],9]] vs. [[],[2],[]]
Compare [[[3]],9] vs. []
 - wrong

6:
Compare [[9,[10]],[[],[],5,3,8],[]] vs. [[[[9,5],[1,5,9,1,8],1]],[[5,[]],[[4,7,0],[3,10],[4,3,8]],[8,[9,0],7,[2,6,6,7],[10,2,5,4,10]],4,5],[10,[0,9],2],[2,[[0,3,2,5,6]],[],0,[5]],[6,3,3,[]]]
Compare [9,[10]] vs. [[[9,5],[1,5,9,1,8],1]]
Compare 9 vs. [[9,5],[1,5,9,1,8],1]
Compare [9] vs. [[9,5],[1,5,9,1,8],1]
Compare 9 vs. [9,5]
Compare [9] vs. [9,5]
Compare 9 vs. 9
 - right

7:
Compare [[[[5],[0,7,4,1,10],[3,10],[3,2,10,10]],[[7,5,10,6,9]],2,[[8,7,0],[1,6]]]] vs. [[[7,7],1,[7,2,1],[1,7,[10,10,4]],10]]
Compare [[[5],[0,7,4,1,10],[3,10],[3,2,10,10]],[[7,5,10,6,9]],2,[[8,7,0],[1,6]]] vs. [[7,7],1,[7,2,1],[1,7,[10,10,4]],10]
Compare [[5],[0,7,4,1,10],[3,10],[3,2,10,10]] vs. [7,7]
Compare [5] vs. 7
Compare [5] vs. [7]
Compare 5 vs. 7
 - right

8:
Compare [[],[7,0,6,[1],[3,6,3,1]]] vs. [[7,10,[0],[],[]],[10,1,1,5,2],[],[0,[],5],[[[2,0,0,1,1],3],[0,[8,0,3,8,6],[1,1,1,8],[2,6,4,6,10],10],[[],10,[0,0,0,3,10]]]]
Compare [] vs. [7,10,[0],[],[]]
 - right

9:
Compare [[9,[[],7,5,[5,10],10],[4,2]],[4,2,3,[[0,9,3],[],2,[4]],2]] vs. [[4,3],[[0,[]],[6,8,[],0,[0]],4]]
Compare [9,[[],7,5,[5,10],10],[4,2]] vs. [4,3]
Compare 9 vs. 4
 - wrong

10:
Compare [3,3,9,0,9] vs. [3,3,9,0]
Compare 3 vs. 3
Compare 3 vs. 3
Compare 9 vs. 9
Compare 0 vs. 0
 - wrong

11:
Compare [[[6,3,4],0,[[],8,1,[7,5],[6,2,1]],8],[8,10,6,[6,6,8,4],[8,[4,3]]],[10,[10,[9,1],[6,3,0,6,4]],3,[],[[0,1,0],3,2,6,1]],[[0,10,[8,5,2]]],[0,[]]] vs. [[[[3,9],[1,6],[]],0,[],[[10,8,2,5,1],[8],[1,1],[5]]]]
Compare [[6,3,4],0,[[],8,1,[7,5],[6,2,1]],8] vs. [[[3,9],[1,6],[]],0,[],[[10,8,2,5,1],[8],[1,1],[5]]]
Compare [6,3,4] vs. [[3,9],[1,6],[]]
Compare 6 vs. [3,9]
Compare [6] vs. [3,9]
Compare 6 vs. 3
 - wrong

12:
Compare [[[[],8],[],[[10,8]]],[1,5,[[9,7],7,[],[3],10],10],[[8,10,[10,3,5],10,[6,10,6]],[]],[],[3,[[8,6,2,2,8],[7,5,10],8,[0,8]]]] vs. [[6,8]]
Compare [[[],8],[],[[10,8]]] vs. [6,8]
Compare [[],8] vs. 6
Compare [[],8] vs. [6]
Compare [] vs. 6
Compare [] vs. [6]
 - right

13:
Compare [[3],[],[[[],8,[10,3,1],9,[2,2,4,4]],[0],5,[8,[],5,10,4]],[5,4,[],[6],7]] vs. [[],[[],[[7,3,0,5],7,8,1,[9,7]]],[[[7,10,8]],[[2,1]],[8,[6,1,8,1,6],7,5,[1]]]]
Compare [3] vs. []
 - wrong

14:
Compare [[[2,4,8,[]],[]]] vs. [[5,3,5,10],[[]],[7,0,10,10,8],[9,1,8,[10,3],9],[[]]]
Compare [[2,4,8,[]],[]] vs. [5,3,5,10]
Compare [2,4,8,[]] vs. 5
Compare [2,4,8,[]] vs. [5]
Compare 2 vs. 5
 - right

15:
Compare [[[7,[],10,3,7],1,[6,[4,4,4,8],9],2],[],[[9,[],[2]],[5,1,[7,1,0],[]]],[[[9],3,4,1],1],[[5],1,7,2]] vs. [[7,[[8,10,4,7],[6,4,2,1],[9,7,6,8,6]],6],[[[10]],0]]
Compare [[7,[],10,3,7],1,[6,[4,4,4,8],9],2] vs. [7,[[8,10,4,7],[6,4,2,1],[9,7,6,8,6]],6]
Compare [7,[],10,3,7] vs. 7
Compare [7,[],10,3,7] vs. [7]
Compare 7 vs. 7
 - wrong

16:
Compare [[[[6,3,4,6,1],[5],6,[3,6,7,3],[2]]],[],[5,[0,[4,2,8,1,10],5,4],7],[[3,9,[3,6,0,4],[2,9]],7,1,[[0,9]],[4,[0,3,3,4,0]]]] vs. [[8,5,[9,0],8,3],[2,6],[],[10,[0],8,1,10]]
Compare [[[6,3,4,6,1],[5],6,[3,6,7,3],[2]]] vs. [8,5,[9,0],8,3]
Compare [[6,3,4,6,1],[5],6,[3,6,7,3],[2]] vs. 8
Compare [[6,3,4,6,1],[5],6,[3,6,7,3],[2]] vs. [8]
Compare [6,3,4,6,1] vs. 8
Compare [6,3,4,6,1] vs. [8]
Compare 6 vs. 8
 - right

17:
Compare [[8,5,0],[9,0,7],[0,0,7]] vs. [[[10,[8,9]],[[],[2,6,3]],[[6,8,5],[3,1,2,2,1],2,[9,7,3,8],[0,10]],3,[9]],[[],[[0,8,9,7,7],[7,10],[8,0],5],5],[[[],5,9]],[[4,[1,8],3],[5,[4,8]]],[[[4],[8,0,5],4,[10,7,10],[]]]]
Compare [8,5,0] vs. [[10,[8,9]],[[],[2,6,3]],[[6,8,5],[3,1,2,2,1],2,[9,7,3,8],[0,10]],3,[9]]
Compare 8 vs. [10,[8,9]]
Compare [8] vs. [10,[8,9]]
Compare 8 vs. 10
 - right

18:
Compare [[1,[5,[],[10,3,7],7,9],4],[[[10,5,9,10,1]]],[6]] vs. [[[[],1,10,[10,10]],[8,1,[0],5],[]],[]]
Compare [1,[5,[],[10,3,7],7,9],4] vs. [[[],1,10,[10,10]],[8,1,[0],5],[]]
Compare 1 vs. [[],1,10,[10,10]]
Compare [1] vs. [[],1,10,[10,10]]
Compare 1 vs. []
Compare [1] vs. []
 - wrong

19:
Compare [[8,6]] vs. [[0],[[[8,3,5],4,[]],9]]
Compare [8,6] vs. [0]
Compare 8 vs. 0
 - wrong

20:
Compare [[1,0,[[2,5,5]],2]] vs. [[1,1,1],[0,1,7,10]]
Compare [1,0,[[2,5,5]],2] vs. [1,1,1]
Compare 1 vs. 1
Compare 0 vs. 1
 - right

21:
Compare [[],[[[1,8,6,10],10,2],8,[]]] vs. [[7],[[0,8,5],10],[[1],4,2],[7]]
Compare [] vs. [7]
 - right

22:
Compare [[[],5,0,[]],[1,3,9,3],[6,[[6,6]],[[8,1],[3,8],0]],[]] vs. [[6,7,10,[]],[4,[7,10,[3,3,2,4,2],[9,4,3,1],[5,8,0]],[[0,9,10],9,[2],[5,10],5]],[10,3,8,0,[10,6]]]
Compare [[],5,0,[]] vs. [6,7,10,[]]
Compare [] vs. 6
Compare [] vs. [6]
 - right

23:
Compare [[[]]] vs. [[0,[]],[9],[],[[[1,3,6]],[[1]],6,0]]
Compare [[]] vs. [0,[]]
Compare [] vs. 0
Compare [] vs. [0]
 - right

24:
Compare [[[],[]],[1,[7,[7,10,0,10],[7,6],4,[5,8,7,3]],9,[[9,2,3,5]],[[1,5,1],0]],[5,[[]],[[2,9,2,0,10],5,4]]] vs. [[[],[4,[0,0,4,4,2],1],[6,[],[7,3,1,10,6]]],[[9,4,[9,9,8,5],9]],[[0,[3],[4,4],[4],[]],10,[3,[3,3],[6,2,3,2,1],[]],10,7]]
Compare [[],[]] vs. [[],[4,[0,0,4,4,2],1],[6,[],[7,3,1,10,6]]]
Compare [] vs. []
Compare [] vs. [4,[0,0,4,4,2],1]
 - right

25:
Compare [[1,1]] vs. [[4,[]],[[[1,0,0,3]],4,[[7,1,0,10,3]],[],[[7,2,2,0]]],[[[8]],2,7],[[[6,8,3,3,6],[1,9,0,8,9],[6,7,0]]],[]]
Compare [1,1] vs. [4,[]]
Compare 1 vs. 4
 - right

26:
Compare [[3,[3,9,[4,7,5,8]],4,[],2],[[[3,0],[5,5,4,7]]],[[[7,4,1,9,5],5],[[0,5,1,5,9],0],[[10,9,10,10]],5,8],[[[1,1],[],[]],[[],[3,5,0,2]]],[[4,[2],5,10],[],1,[],[2,[8,1,0],[]]]] vs. [[3,0,[9],[[],2,[7,5],[9,2,9,3],5],5],[6,8,0,1,8]]
Compare [3,[3,9,[4,7,5,8]],4,[],2] vs. [3,0,[9],[[],2,[7,5],[9,2,9,3],5],5]
Compare 3 vs. 3
Compare [3,9,[4,7,5,8]] vs. 0
Compare [3,9,[4,7,5,8]] vs. [0]
Compare 3 vs. 0
 - wrong

27:
Compare [[[5,[8,6,2,3]],[[3]],9,2],[],[[],9,[5]]] vs. [[10,[8,9,[],9,0],5,10],[1,9,9,[[4,0,4,10,8],10,[9,5,8,1,4]],[[10,7]]],[[],8,[0],[[2,8],4,[2,0,3]],1],[10,10,8,3,6]]
Compare [[5,[8,6,2,3]],[[3]],9,2] vs. [10,[8,9,[],9,0],5,10]
Compare [5,[8,6,2,3]] vs. 10
Compare [5,[8,6,2,3]] vs. [10]
Compare 5 vs. 10
 - right

28:
Compare [[3,5,1,[2]],[],[],[5]] vs. [[2],[8,9,10,[9,[],6,4,[5,7]]],[3],[1],[]]
Compare [3,5,1,[2]] vs. [2]
Compare 3 vs. 2
 - wrong

29:
Compare [[5,4,10,[],[[8],[2,5,6,0,1],[5,8,6,8],8]],[5],[3,5,5,2],[[8,10,[4,3],0],[[4,9],8],9,5,[8,[0,6,6,5,8],[]]],[]] vs. [[[[1,9,2],6,6,9],[[],[6,8,1],[9,8,6,9]],2],[[[8,9],4,9,[2,7,7,10],[]],2,5,7],[7,[[7,3,1],[7,1,0],[]]],[8,[],[2,9,10,[]],3],[6,3,[0,1,8],9]]
Compare [5,4,10,[],[[8],[2,5,6,0,1],[5,8,6,8],8]] vs. [[[1,9,2],6,6,9],[[],[6,8,1],[9,8,6,9]],2]
Compare 5 vs. [[1,9,2],6,6,9]
Compare [5] vs. [[1,9,2],6,6,9]
Compare 5 vs. [1,9,2]
Compare [5] vs. [1,9,2]
Compare 5 vs. 1
 - wrong

30:
Compare [[8,[8,[9,10,5,9]],[[6],9,[5,3,7,8,2]],1,3],[8,5],[[[4,4,7,5],10],0,[6,[0],[],10,4],3]] vs. [[[[4,0,0]],8,10],[[3,1,6],[5,4],0,[[3,2,4,4,1]]]]
Compare [8,[8,[9,10,5,9]],[[6],9,[5,3,7,8,2]],1,3] vs. [[[4,0,0]],8,10]
Compare 8 vs. [[4,0,0]]
Compare [8] vs. [[4,0,0]]
Compare 8 vs. [4,0,0]
Compare [8] vs. [4,0,0]
Compare 8 vs. 4
 - wrong

31:
Compare [[],[[[6,6,7],1,[],[1,7]]],[7]] vs. [[[1,[9,4,10],[]],0,[[],[],[],4],5]]
Compare [] vs. [[1,[9,4,10],[]],0,[[],[],[],4],5]
 - right

32:
Compare [[[2,[6,4],[7,9,9,0]],10]] vs. [[4],[],[[[1,1,8],[],[0,7],[6,6,6]],1,7],[[[6,10,2],2,[7,5,4],0,[9]],0,5,5],[4]]
Compare [[2,[6,4],[7,9,9,0]],10] vs. [4]
Compare [2,[6,4],[7,9,9,0]] vs. 4
Compare [2,[6,4],[7,9,9,0]] vs. [4]
Compare 2 vs. 4
 - right

33:
Compare [[],[7],[0,[7,8,1,[],[3,8,0,3,9]],[6,[10,4,1]],[0,10,2,1]],[]] vs. [[],[4,8,2,[2],4],[],[[[7,7,5],[8,2,10],[4,7],9],6],[[[7],[],8],[],[[2,5],5,[9,4,1,1,2],1],[]]]
Compare [] vs. []
Compare [7] vs. [4,8,2,[2],4]
Compare 7 vs. 4
 - wrong

34:
Compare [[[0,3,[9,7,3,4],[],[0,10]],[]],[[8,6,8],1,6],[6,[[],[8]],0,[10]],[[],[[2,10],2,[7,5,9,4],[6]]],[]] vs. [[9,2,6,[[2,8,8],[10,9,0,10,1],2],[[0,1,8]]],[6,[[10,9],6],0,[1,6],[]],[[9,4,[],[6,3,1,3],[5,6,7,7,8]]]]
Compare [[0,3,[9,7,3,4],[],[0,10]],[]] vs. [9,2,6,[[2,8,8],[10,9,0,10,1],2],[[0,1,8]]]
Compare [0,3,[9,7,3,4],[],[0,10]] vs. 9
Compare [0,3,[9,7,3,4],[],[0,10]] vs. [9]
Compare 0 vs. 9
 - right

35:
Compare [[[0,5],[[6,2,3]]],[[3,[3,5,6]],6,[8,6,10,10]]] vs. [[],[6,2,1],[3,[]]]
Compare [[0,5],[[6,2,3]]] vs. []
 - wrong

36:
Compare [[5,[3]],[6,[0,[],6],9],[[9,9,6,[4,2,2]]],[[[3],[9,4,3,1]]],[1,[3,[4,8,9,10],6,9],[[],3,[6,9,8],[]]]] vs. [[[0,2,3,[8],[4,5]],0],[[[4,0,7,5,3],4,3,10],[6,[2,4,4,1],[8,9],10],[3],4,[]],[0,6,10,10,[6,1]],[[7,[8,4,1,8]],10,[[6,7,6,9],9,1],[],6],[1,10,10]]
Compare [5,[3]] vs. [[0,2,3,[8],[4,5]],0]
Compare 5 vs. [0,2,3,[8],[4,5]]
Compare [5] vs. [0,2,3,[8],[4,5]]
Compare 5 vs. 0
 - wrong

37:
Compare [[5,8],[6,[[10,6,10,1,0],2,6,[1,10,2],4],3,0],[7],[4,10,[10,[2,2,3,1],6,[8,3,0,2],[9,10,9,5,9]]],[]] vs. [[9,1,[[3,9,2,1,4],3,2],[[],[2,5,7,9,7],9,0,[7,8]]],[]]
Compare [5,8] vs. [9,1,[[3,9,2,1,4],3,2],[[],[2,5,7,9,7],9,0,[7,8]]]
Compare 5 vs. 9
 - right

38:
Compare [[4,[[5],[8,1,2],[0]]],[[[2,9,3],7,[1,6,2,2]],2],[],[[3],[[10,10],[7,6,7]]],[[[6,4]],[0]]] vs. [[[9,[],8,[5,4,5],[7,8,9]],0,8,9]]
Compare [4,[[5],[8,1,2],[0]]] vs. [[9,[],8,[5,4,5],[7,8,9]],0,8,9]
Compare 4 vs. [9,[],8,[5,4,5],[7,8,9]]
Compare [4] vs. [9,[],8,[5,4,5],[7,8,9]]
Compare 4 vs. 9
 - right

39:
Compare [[[0,10,[6,7],[8]],[5,10,[6],4],7,1,2],[],[],[],[10,[],2,8,4]] vs. [[[4]],[],[[],5,7,10],[5,2]]
Compare [[0,10,[6,7],[8]],[5,10,[6],4],7,1,2] vs. [[4]]
Compare [0,10,[6,7],[8]] vs. [4]
Compare 0 vs. 4
 - right

40:
Compare [[[[1,9],[3],[5,5,4,4],[2],5]],[2,[[],[0,9,4,4,5],[10,10]],[1,[],[10],4]],[[8,[5,9,8,3,1],3,4,3],[[0,3,0,3,8],[0],[2,3,9,1,2],[0,6,1,9]],[9]],[[[],2,[7],3],[[7],0,[7,9,1,4]],3,[[9,4,6,4,4],[1,8],9,[4]],[[]]],[4]] vs. [[2,[],[10],6,3]]
Compare [[[1,9],[3],[5,5,4,4],[2],5]] vs. [2,[],[10],6,3]
Compare [[1,9],[3],[5,5,4,4],[2],5] vs. 2
Compare [[1,9],[3],[5,5,4,4],[2],5] vs. [2]
Compare [1,9] vs. 2
Compare [1,9] vs. [2]
Compare 1 vs. 2
 - right

41:
Compare [[4]] vs. [[[4,[4,0,5,7],2],[],[9,[1]],2,10],[[0,8,7],8,7,10],[],[3]]
Compare [4] vs. [[4,[4,0,5,7],2],[],[9,[1]],2,10]
Compare 4 vs. [4,[4,0,5,7],2]
Compare [4] vs. [4,[4,0,5,7],2]
Compare 4 vs. 4
 - right

42:
Compare [[7],[],[5,[[0],[],[4,5,2,3,0],[6,4],[5,9,2,4,1]]],[]] vs. [[],[9,[8,[5,7,7,3],3,[7,0,3,10,0],7]]]
Compare [7] vs. []
 - wrong

43:
Compare [[[6],[8,7,5,[4,4,9,0,9],[]],[[0,10,6,6]],1,[]],[[[],[]]],[3,2],[]] vs. [[[]],[[[2,3,0,7],8],1,0],[0,10,0,[3,4,5,[4]],9],[0],[[[3,7],1,2,10],[[4,10],0,5,1],[]]]
Compare [[6],[8,7,5,[4,4,9,0,9],[]],[[0,10,6,6]],1,[]] vs. [[]]
Compare [6] vs. []
 - wrong

44:
Compare [[[[4,0,5,6],[7,4],9,1]]] vs. [[9,[[6,3,6,0],0,[1,6,0,0],[8,0,0]]],[2,5,[],[[7],8,[8,8],4,1]],[[],[[4,7,8],[],[9,4],4,[]]],[[[10,5,3,9,2],7,3],[7,[9,0,8,10],[9,6]],[5],8,[[],6,[10],[7],2]],[]]
Compare [[[4,0,5,6],[7,4],9,1]] vs. [9,[[6,3,6,0],0,[1,6,0,0],[8,0,0]]]
Compare [[4,0,5,6],[7,4],9,1] vs. 9
Compare [[4,0,5,6],[7,4],9,1] vs. [9]
Compare [4,0,5,6] vs. 9
Compare [4,0,5,6] vs. [9]
Compare 4 vs. 9
 - right

45:
Compare [[[4,[1,10],[6,3,9],5],9],[]] vs. [[10,[],3,[],[[0,1,10],[3,2,1,3,3],[10,4]]],[]]
Compare [[4,[1,10],[6,3,9],5],9] vs. [10,[],3,[],[[0,1,10],[3,2,1,3,3],[10,4]]]
Compare [4,[1,10],[6,3,9],5] vs. 10
Compare [4,[1,10],[6,3,9],5] vs. [10]
Compare 4 vs. 10
 - right

46:
Compare [[[],[[9,9],4,[9,7,2]]],[3,8,0],[10,[3,[10],3]]] vs. [[8,[2,[2,6],1]],[[6,6]],[[[0],4,5],[[3,9],1]],[[[5,7,8],0,[]],[[9,5]],4,[[2,10,0,5,9]],[[],6,9,[],[3,10,10,2]]]]
Compare [[],[[9,9],4,[9,7,2]]] vs. [8,[2,[2,6],1]]
Compare [] vs. 8
Compare [] vs. [8]
 - right

47:
Compare [[],[[[5],[4,3,2,10],[],0]],[9,[],[7,10,[6,5,8,5],9,7]],[[7,0,[7,3]]],[]] vs. [[7,[],3,[[],[4,0,0],5,[2,5]],9],[[6,[9],[],[],[4,10]],[[3],[0,4,6],4],[[5,2,2,5],7,[10,8,4,10,3]],[2,[0,7,3,4,7],1,[3,2,8,2]]],[6,5,[[10,5,6,9],6,[8],[1,9,10],7]]]
Compare [] vs. [7,[],3,[[],[4,0,0],5,[2,5]],9]
 - right

48:
Compare [[[[3,2,2],[0,8],[3,2],6,9],[1,[8,10,6],[8,9,5,0,5]]],[1,7,[[4,3],[0,7],[8,6,5],6],[6,6,[2],[8],[7]],[]],[[4,[4,9,3,10,7],[5,0]],3,2,[6,3,0,[]],[[7,7,3],[0,0]]],[[]],[]] vs. [[7],[],[[9,5,[5,7],0],[[2],0,[2,10],0,4]],[7,0,[[8,5,5,7]]],[]]
Compare [[[3,2,2],[0,8],[3,2],6,9],[1,[8,10,6],[8,9,5,0,5]]] vs. [7]
Compare [[3,2,2],[0,8],[3,2],6,9] vs. 7
Compare [[3,2,2],[0,8],[3,2],6,9] vs. [7]
Compare [3,2,2] vs. 7
Compare [3,2,2] vs. [7]
Compare 3 vs. 7
 - right

49:
Compare [[[9,[5,0,7],10,[6,1,10],[6]],[[1,10,0,0,4],2,[2],6,4]],[[],[[10,5],[7]]]] vs. [[8,[[2,5],7],[[4,4,2],4],6,[]],[[],7,10],[[[4,3,9,6,0],[2]],8]]
Compare [[9,[5,0,7],10,[6,1,10],[6]],[[1,10,0,0,4],2,[2],6,4]] vs. [8,[[2,5],7],[[4,4,2],4],6,[]]
Compare [9,[5,0,7],10,[6,1,10],[6]] vs. 8
Compare [9,[5,0,7],10,[6,1,10],[6]] vs. [8]
Compare 9 vs. 8
 - wrong

50:
Compare [[8],[[],9,3],[9,9,[[2,5,7,0,3],10,2]]] vs. [[0,[],[[5,2,2,1],[4],[6],4,[5,4,10]],4,3],[4,9],[[[0,8,1,0,0]],[[6,6,2],[4,4,0],[],[6]],6]]
Compare [8] vs. [0,[],[[5,2,2,1],[4],[6],4,[5,4,10]],4,3]
Compare 8 vs. 0
 - wrong

51:
Compare [[[2,[],7,7,9]],[10,[[8,10,7],[7,9,2,0],7,[5],[3]],3],[3,6,8]] vs. [[1,[[4],[7,5,3,1],[9,8,8,2],10],[],[10],3]]
Compare [[2,[],7,7,9]] vs. [1,[[4],[7,5,3,1],[9,8,8,2],10],[],[10],3]
Compare [2,[],7,7,9] vs. 1
Compare [2,[],7,7,9] vs. [1]
Compare 2 vs. 1
 - wrong

52:
Compare [[],[9]] vs. [[2,4,10],[[],8,10,[7,3,5],[8,[10,2,3],4,2]],[1,9,[0,4,[3],[6]],[[8,10,1,4],[],4],[2]],[[]]]
Compare [] vs. [2,4,10]
 - right

53:
Compare [[[[],0],3],[[2,3]],[[9,10,[3,7,0],3,[9]],8,7,10],[[[7,3,1]]]] vs. [[4,8],[9,9],[3,1,[[10,0,2,10],6],[],[2,3,[6,0,9],9]],[3,5,3,[[6,9],[2,9,1]],[[6,4,9,3,4],0,[7],[2,7],[9]]]]
Compare [[[],0],3] vs. [4,8]
Compare [[],0] vs. 4
Compare [[],0] vs. [4]
Compare [] vs. 4
Compare [] vs. [4]
 - right

54:
Compare [[5,[8,[5,4,7,8],[1,1,6,5,10]],[7]],[[2]],[[0,[1,8,8,10,3]],[],1],[[2,9,3],10,[0,8,[7,3,0,1]],1]] vs. [[[[4,0,5]],9],[[10,4,7,7],4],[0,[[7,9,6,9],9,10,0],[8,1],0,[8,[4,1],10,[2,9,10,7]]],[[],[6,[1],[5],5,7],[[5,8],9],10,2],[[8,9,1,[4,6]],[],[[],[10,4,2],4,4],[9,[2,4]],3]]
Compare [5,[8,[5,4,7,8],[1,1,6,5,10]],[7]] vs. [[[4,0,5]],9]
Compare 5 vs. [[4,0,5]]
Compare [5] vs. [[4,0,5]]
Compare 5 vs. [4,0,5]
Compare [5] vs. [4,0,5]
Compare 5 vs. 4
 - wrong

55:
Compare [7,10,0,6] vs. [7,10,0,6,1]
Compare 7 vs. 7
Compare 10 vs. 10
Compare 0 vs. 0
Compare 6 vs. 6
 - right

56:
Compare [[8,[[0,4,2,1]],[8,3],[[],3]],[4,[[]],[6]]] vs. [[[7,[1,10,1]],[[6,5,9,1],[3,3],[6,2,3,6,2]],[9,[9],8,6,1]],[[[7],[1],[0,7,2,7],7,5],0,1],[3,[[1,7],2,[8,5,6,10,2],7,[9,6,7,9]]],[7,3,1,[4,1],3],[[]]]
Compare [8,[[0,4,2,1]],[8,3],[[],3]] vs. [[7,[1,10,1]],[[6,5,9,1],[3,3],[6,2,3,6,2]],[9,[9],8,6,1]]
Compare 8 vs. [7,[1,10,1]]
Compare [8] vs. [7,[1,10,1]]
Compare 8 vs. 7
 - wrong

57:
Compare [[[0,1],10,9]] vs. [[2,[[10,0,2],3,[1,1,4],[1]],7,[[],[2,6,10,3,6],[3]]],[[6,[],[0,8,0,1,8]],9,3,10],[10,3,7,9]]
Compare [[0,1],10,9] vs. [2,[[10,0,2],3,[1,1,4],[1]],7,[[],[2,6,10,3,6],[3]]]
Compare [0,1] vs. 2
Compare [0,1] vs. [2]
Compare 0 vs. 2
 - right

58:
Compare [[[1,4,[2,2]],[9,[8,6,10],5],[9]],[[[0,4,3]],8,[[9,9,0],[1,2,10]],6,8],[]] vs. [[10,0,[],[],3],[9,[2,10,5,[1,4,3]],4,1]]
Compare [[1,4,[2,2]],[9,[8,6,10],5],[9]] vs. [10,0,[],[],3]
Compare [1,4,[2,2]] vs. 10
Compare [1,4,[2,2]] vs. [10]
Compare 1 vs. 10
 - right

59:
Compare [[3,10,[3,[9,2],[3]],5]] vs. [[4,[8,[0],[5,1,5]],0,[5,[5,8,2,3,9],[]]]]
Compare [3,10,[3,[9,2],[3]],5] vs. [4,[8,[0],[5,1,5]],0,[5,[5,8,2,3,9],[]]]
Compare 3 vs. 4
 - right

60:
Compare [[],[[6,[1,7,9],[],10],7],[],[[3,[],[9,9,6,0,4]],[[7,5,7,2,10],0,[6,10,3],[6,2],[6,6,1,1]],[[1,3,9],[4,7,6,7],6,3,[4]]],[[7,[3]],7]] vs. [[[[10],[9,9,10,1,0],[10,6,9,8,4],4]],[1],[6,[[10,9,6,9,10],4],[[6,7,2,1],[],[4,1,4,1],[]],[5,1],[[2,5],9]],[],[]]
Compare [] vs. [[[10],[9,9,10,1,0],[10,6,9,8,4],4]]
 - right

61:
Compare [[],[[[1,9,9],9,[5,5,5]],[],9,8]] vs. [[[10,5,[2,9,2,1,7]]],[],[[3,8,9,[],[9,9,5]],7,[]],[[7]]]
Compare [] vs. [[10,5,[2,9,2,1,7]]]
 - right

62:
Compare [[[[]],3,0,8,[10,[10,6,9,8,3],7,5]],[[[6],5,[9,1,2],[3,4,0,4]],9],[10,[],[2,2,[9,10,5,6]]]] vs. [[2,3]]
Compare [[[]],3,0,8,[10,[10,6,9,8,3],7,5]] vs. [2,3]
Compare [[]] vs. 2
Compare [[]] vs. [2]
Compare [] vs. 2
Compare [] vs. [2]
 - right

63:
Compare [[1,9,[8,[4],[4,2,0,0],[10,7,1,10],[8,10,10]]],[6,3,8,2,9],[7,[1,1,[4,3],[]],[],9,4]] vs. [[0,10,7,[],5]]
Compare [1,9,[8,[4],[4,2,0,0],[10,7,1,10],[8,10,10]]] vs. [0,10,7,[],5]
Compare 1 vs. 0
 - wrong

64:
Compare [[[[4,8,1,4],[]],10,0],[],[],[3]] vs. [[1,[[3,8],[3,4,6,6],[],[6,10]],5,[4,[6,5,10]],9],[7,[],[[2],[],4],3,2],[5,5],[4]]
Compare [[[4,8,1,4],[]],10,0] vs. [1,[[3,8],[3,4,6,6],[],[6,10]],5,[4,[6,5,10]],9]
Compare [[4,8,1,4],[]] vs. 1
Compare [[4,8,1,4],[]] vs. [1]
Compare [4,8,1,4] vs. 1
Compare [4,8,1,4] vs. [1]
Compare 4 vs. 1
 - wrong

65:
Compare [[[[0],3],5,1,6],[[],[[4],9,4,[9]],7,[2,4,[3,0,4,5,5]]],[2],[6,[6,8,[],3],[],6,[[5,8,0,6],10,[1,5,9,4]]],[]] vs. [[4,10,[8,[],[0,5,10,2,6],8],4],[],[[9,10,3],7]]
Compare [[[0],3],5,1,6] vs. [4,10,[8,[],[0,5,10,2,6],8],4]
Compare [[0],3] vs. 4
Compare [[0],3] vs. [4]
Compare [0] vs. 4
Compare [0] vs. [4]
Compare 0 vs. 4
 - right

66:
Compare [[[6,[5,3],[3],1,[2,4,9,4]]],[],[[[1,2,2],5,1]],[8,[8,[7,2,7],[9],7,8],2,[0,1],6]] vs. [[[[6,9,0,0]],3,[5],9,[[8,1,5,4,10],6,[]]],[3],[[[1,5,1,2],8,1],[8],[3,[4,4,8,3,3],[0],[7,7,0,3],9]]]
Compare [[6,[5,3],[3],1,[2,4,9,4]]] vs. [[[6,9,0,0]],3,[5],9,[[8,1,5,4,10],6,[]]]
Compare [6,[5,3],[3],1,[2,4,9,4]] vs. [[6,9,0,0]]
Compare 6 vs. [6,9,0,0]
Compare [6] vs. [6,9,0,0]
Compare 6 vs. 6
 - right

67:
Compare [[7],[1,1,0],[[2],[[1,0,6,8,6],[3,4,8,10,9],2,[6]],10],[[[8,8,9,0],[],3],[1],[9,1,[6,0]]]] vs. [[],[2,5,2,4,5],[1,6],[[2,[],[6,4,2],9],4,[5,[5,4,1,3,8],0],[2,[9],1,[],6]],[]]
Compare [7] vs. []
 - wrong

68:
Compare [[3,6,8,[]],[]] vs. [[[[8,7],4,[]],3,[3,[0],[5,4]],7],[[],[4,6,[6,4,9,4,2],0],10,[8,8,2,0]],[[[3,0,6,10],[8,9]],[[3,7],[7,9,6,5,9]],[]]]
Compare [3,6,8,[]] vs. [[[8,7],4,[]],3,[3,[0],[5,4]],7]
Compare 3 vs. [[8,7],4,[]]
Compare [3] vs. [[8,7],4,[]]
Compare 3 vs. [8,7]
Compare [3] vs. [8,7]
Compare 3 vs. 8
 - right

69:
Compare [[[8,2,[9,5,1,2,2],[0,10,0,5,7],[1,8]],8],[4,[],[7,[],1,[],0],[[5],3],7],[1,[[],[4,2,8,1]],8,4]] vs. [[7],[[5,6]],[6,[2,8,[],2,[6,3]]],[[[1,1],2],6,[[6,10,7],1,[8]],[[],10,2]],[]]
Compare [[8,2,[9,5,1,2,2],[0,10,0,5,7],[1,8]],8] vs. [7]
Compare [8,2,[9,5,1,2,2],[0,10,0,5,7],[1,8]] vs. 7
Compare [8,2,[9,5,1,2,2],[0,10,0,5,7],[1,8]] vs. [7]
Compare 8 vs. 7
 - wrong

70:
Compare [[],[8]] vs. [[],[[[9],6],0,8,[3,[],9,[],1],[1,6]]]
Compare [] vs. []
Compare [8] vs. [[[9],6],0,8,[3,[],9,[],1],[1,6]]
Compare 8 vs. [[9],6]
Compare [8] vs. [[9],6]
Compare 8 vs. [9]
Compare [8] vs. [9]
Compare 8 vs. 9
 - right

71:
Compare [[[8,[6,0,9,10]],[[6,1,8,3,1],[9,4,10,1,5],[2,7,5,3,4],[2]],10,7,[5,[8,3]]],[4,10,[[4],[]]]] vs. [[[[5,8,0,9,7],6,5],[],1,[]],[1,[],[[0,7],[1,10],[3],[0,0,10,7],0],[[9,8,1],[]],[[6,1,10,6],[4,9,4],[8],0]],[2,9,[4],1]]
Compare [[8,[6,0,9,10]],[[6,1,8,3,1],[9,4,10,1,5],[2,7,5,3,4],[2]],10,7,[5,[8,3]]] vs. [[[5,8,0,9,7],6,5],[],1,[]]
Compare [8,[6,0,9,10]] vs. [[5,8,0,9,7],6,5]
Compare 8 vs. [5,8,0,9,7]
Compare [8] vs. [5,8,0,9,7]
Compare 8 vs. 5
 - wrong

72:
Compare [[9,[8,2,0,[7,10,9,7]]],[8,[[0,10,9],0],[8,[7,0,0,2]]],[],[[]]] vs. [[2,[[3,2,7]],[0,[6,6,0,4,5]],[10,[3,6]],[]],[0,10,[],[7],[[7],5]]]
Compare [9,[8,2,0,[7,10,9,7]]] vs. [2,[[3,2,7]],[0,[6,6,0,4,5]],[10,[3,6]],[]]
Compare 9 vs. 2
 - wrong

73:
Compare [[9,[[3],6,[10,4],6,[9]]]] vs. [[[[5,1,2,10,3],[7,7,1,8]],3],[9,[],[[3,7,6]],6],[[[4,8,10,3],0]],[[8],[[1,4]],[5,[6,7,7,3]],7,9]]
Compare [9,[[3],6,[10,4],6,[9]]] vs. [[[5,1,2,10,3],[7,7,1,8]],3]
Compare 9 vs. [[5,1,2,10,3],[7,7,1,8]]
Compare [9] vs. [[5,1,2,10,3],[7,7,1,8]]
Compare 9 vs. [5,1,2,10,3]
Compare [9] vs. [5,1,2,10,3]
Compare 9 vs. 5
 - wrong

74:
Compare [[[10,[8,1,2],2,1],2,[3,[6,2],[10],[7,10],4]]] vs. [[[9,8],7,[[0,6,9],[8,1],[8]],[7,[],0]],[9,0,[[1,2],4,8,[],[]],[1],9],[[]],[]]
Compare [[10,[8,1,2],2,1],2,[3,[6,2],[10],[7,10],4]] vs. [[9,8],7,[[0,6,9],[8,1],[8]],[7,[],0]]
Compare [10,[8,1,2],2,1] vs. [9,8]
Compare 10 vs. 9
 - wrong

75:
Compare [[2,3,[9],[[8,1,1,10,4],[2,3,9,2,7],1,4]],[],[[2,6,6,[4,5,2,8,3],9],0,[[1,9],6,[6,6,0,5,10]],9],[[5,[],7,7,4],[5],6]] vs. [[[4,0,[3,6,3,5],0],4,[],[7,[4,1,3,3],5,[4,4,4,2],[10,8]],1],[]]
Compare [2,3,[9],[[8,1,1,10,4],[2,3,9,2,7],1,4]] vs. [[4,0,[3,6,3,5],0],4,[],[7,[4,1,3,3],5,[4,4,4,2],[10,8]],1]
Compare 2 vs. [4,0,[3,6,3,5],0]
Compare [2] vs. [4,0,[3,6,3,5],0]
Compare 2 vs. 4
 - right

76:
Compare [[],[0,[[],[0],1,5]],[5,[5,1,[5,6,8,4,0],7,[4]],[0,[]],0],[8,1,2,10],[2,[9,[7,8],3],[9,10,3,[10,3,8]]]] vs. [[[1,0,8,5],4],[],[]]
Compare [] vs. [[1,0,8,5],4]
 - right

77:
Compare [[1,[10,[7],[],[7,7,7,1],6]],[8,[4,[0,7]]],[[]],[[],[[6,4,2,8,6],7,[9,0,3,6]],9]] vs. [[],[10,2,[],3,0]]
Compare [1,[10,[7],[],[7,7,7,1],6]] vs. []
 - wrong

78:
Compare [[6,[[2,10,10]]],[[[],[]]],[1,9,2,3,[[5,3,9],6]],[10,[[5],9,[8,0,4],[8,6,4,6]]]] vs. [[],[[6,[2,2],9,0],7,[[7,4,2,1,4],6,[0,10,5,10]],1,[[7,9,5,7,1],5,[],4,10]]]
Compare [6,[[2,10,10]]] vs. []
 - wrong

79:
Compare [[9,6],[[9,[7,0,1,7,7],[]],[1,[7],[9,3,9,3]],0,[[]]],[9,6],[]] vs. [[[[],0,[3,2,1,2,1]],10,[5]]]
Compare [9,6] vs. [[[],0,[3,2,1,2,1]],10,[5]]
Compare 9 vs. [[],0,[3,2,1,2,1]]
Compare [9] vs. [[],0,[3,2,1,2,1]]
Compare 9 vs. []
Compare [9] vs. []
 - wrong

80:
Compare [[],[7],[[6,4,0,7,[6,4,0]],2,1,[[7,3],8,[2,2,10],7],5],[]] vs. [[],[7,8,[[10,5],[10,0,10,4,5],4,[10,3,6,4],[]],8],[],[3],[2,8]]
Compare [] vs. []
Compare [7] vs. [7,8,[[10,5],[10,0,10,4,5],4,[10,3,6,4],[]],8]
Compare 7 vs. 7
 - right

81:
Compare [[[[5],8,[],9],[[1,5,8,9],[8,2,5,2,10]],[],8,4],[1,4,9],[],[[4,7,3,0]],[[8],[3,[8,10,8,9],4,1],[[9]],[5,1,[],[7,5,2]],[5]]] vs. [[6,7,[3],[]],[[[1],[10,1],5,4],3,[[0,8,10]],10]]
Compare [[[5],8,[],9],[[1,5,8,9],[8,2,5,2,10]],[],8,4] vs. [6,7,[3],[]]
Compare [[5],8,[],9] vs. 6
Compare [[5],8,[],9] vs. [6]
Compare [5] vs. 6
Compare [5] vs. [6]
Compare 5 vs. 6
 - right

82:
Compare [[2,3,[0,[0,1,10,1,8]],[[6,0,4,10],[3],6,3],10]] vs. [[7,5,[[5,5],9,[4,3],[4,8,7,8],5],8,[3,3,7,[]]],[1,[[6,9],[4,0,4,2,3],1,[1]],3,[],[6,5]],[[8]],[[[0,8],[0,8,4,5],2]],[4,[[],[7,9],[6,0,7]],10]]
Compare [2,3,[0,[0,1,10,1,8]],[[6,0,4,10],[3],6,3],10] vs. [7,5,[[5,5],9,[4,3],[4,8,7,8],5],8,[3,3,7,[]]]
Compare 2 vs. 7
 - right

83:
Compare [[[6],[[9,9,2,6],2,7,1,1],[],[7,[9,4],[7,5,10,3,1],[2,1,5,7],8]],[[3],[[2,8,1,10,2],1,[4,6],[5]],[2,[0,5,1,5,2]],[]]] vs. [[3,7,[]],[8,8],[[6,3,5,[6]],10,[8],10],[[3,[3,10],10,[],[3,8]],0,[0,2]],[1,6]]
Compare [[6],[[9,9,2,6],2,7,1,1],[],[7,[9,4],[7,5,10,3,1],[2,1,5,7],8]] vs. [3,7,[]]
Compare [6] vs. 3
Compare [6] vs. [3]
Compare 6 vs. 3
 - wrong

84:
Compare [[7,1,[10,[],[8]],[5,2,[1],[0,0,1,4]],3],[5,[0,0],10,[7,5,[],3]],[[[0,5,5],4],10,[9,[4],[10,3,7,1]],[[8,10,1,10,1],2,4,[9,3],[2,9,0]]],[[[0],[3,8,9,5],0,[4,2]],8,9,[[4,0],4,[1]]],[[4]]] vs. [[[[0],2]],[[9,[5],[6,4,0],[8,7,5,5,5],3],[[8,3],[],10,10]],[3,6,8],[9,[3,[2]],2,[10,[3,5,2,10],8,3],1]]
Compare [7,1,[10,[],[8]],[5,2,[1],[0,0,1,4]],3] vs. [[[0],2]]
Compare 7 vs. [[0],2]
Compare [7] vs. [[0],2]
Compare 7 vs. [0]
Compare [7] vs. [0]
Compare 7 vs. 0
 - wrong

85:
Compare [[9,5,2],[],[5,[[4,6],5,3,3,7]],[[7,5,[],[5,10]],[],[],[[8,9,1],1]]] vs. [[0],[[[]],7,1,2,4],[[[1,2,10,1,8],[7,10,9]],[],[[]],0],[10,9]]
Compare [9,5,2] vs. [0]
Compare 9 vs. 0
 - wrong

86:
Compare [[1,[[10],2,5,8]],[],[],[5,[],6],[]] vs. [[[[3,3,8],4,4],9,[7]],[]]
Compare [1,[[10],2,5,8]] vs. [[[3,3,8],4,4],9,[7]]
Compare 1 vs. [[3,3,8],4,4]
Compare [1] vs. [[3,3,8],4,4]
Compare 1 vs. [3,3,8]
Compare [1] vs. [3,3,8]
Compare 1 vs. 3
 - right

87:
Compare [[[4,[0,0],6,4],3,[[3,8]]],[[[1,3,7,0]]],[[[]],1,[[10,1,3,8],[5,8],3,[6,5,4,4]]],[[0,1,3,[8,6],[1,0,10]],4,[],[[6,8,6,4],[4,0,8],[],0,7]],[[[],7,[],8],9,[],3]] vs. [[[6,[4],10,[1,2,6,10,6]]],[[[6,5],6,[2],1]],[[[6]],[1],[[9,5,5,2],8,5,8],[1,[]],[]],[7,[[2,8,0,4,5],4,7,[7,3,4,5,7],[]],4],[[7,2,5,5,5],[[6,1,5,5,10],[4,10,6,3,8],[2,8,6,0,1]],[[1,1],4]]]
Compare [[4,[0,0],6,4],3,[[3,8]]] vs. [[6,[4],10,[1,2,6,10,6]]]
Compare [4,[0,0],6,4] vs. [6,[4],10,[1,2,6,10,6]]
Compare 4 vs. 6
 - right

88:
Compare [[0]] vs. [[[[],[7,3],[6,7,9]]]]
Compare [0] vs. [[[],[7,3],[6,7,9]]]
Compare 0 vs. [[],[7,3],[6,7,9]]
Compare [0] vs. [[],[7,3],[6,7,9]]
Compare 0 vs. []
Compare [0] vs. []
 - wrong

89:
Compare [[],[5,4,7],[[[6,1,10],2,[5,7,9,5],[]],[0,[1,10],[8,4,5,0,7],[9],[10,0,5,5,9]],[[4],[],[],[6]],[7],1]] vs. [[[[],0],[2],2],[],[[8,[0,5],7,[7,6,0,6],[3,0,3]],1,10,9],[9,8,[6],7],[]]
Compare [] vs. [[[],0],[2],2]
 - right

90:
Compare [[9,[0,[4,8],[7,4,2,6,6]]],[[9,[6,5,3,6],10,5,4]]] vs. [[[2,[4],[7],5],[[3,2,5,10,9],3,[10,5,8,4],3]],[]]
Compare [9,[0,[4,8],[7,4,2,6,6]]] vs. [[2,[4],[7],5],[[3,2,5,10,9],3,[10,5,8,4],3]]
Compare 9 vs. [2,[4],[7],5]
Compare [9] vs. [2,[4],[7],5]
Compare 9 vs. 2
 - wrong

91:
Compare [[],[],[9,[[8,7,6,6],7,0],[4],5],[[[5,7,4,0],1]]] vs. [[[1,6],5,[],[1,[10]]],[0,[[9,8,10,8,10],0,7],5,[[5,3,8,10],[7,9,2,0,0],8],[0,[6,0],4,[0,7]]],[[7,[5],3,6]]]
Compare [] vs. [[1,6],5,[],[1,[10]]]
 - right

92:
Compare [[1],[9,[[2,9]],[[2,1,1]],9,[]],[9,[8,[8,2,6,3,1]],1,0]] vs. [[[5,1,0,0],[5,7,5,0,[]],3,8]]
Compare [1] vs. [[5,1,0,0],[5,7,5,0,[]],3,8]
Compare 1 vs. [5,1,0,0]
Compare [1] vs. [5,1,0,0]
Compare 1 vs. 5
 - right

93:
Compare [[[],8,8,6],[[5,[],[9,8,2,9]]],[],[3],[3]] vs. [[4,1,[2,5]]]
Compare [[],8,8,6] vs. [4,1,[2,5]]
Compare [] vs. 4
Compare [] vs. [4]
 - right

94:
Compare [[[[7,8,8,3],7,10],[[7,0,4,4],0],10]] vs. [[8,5],[4],[10],[5,7,[0,[8,7,2,3]],[]]]
Compare [[[7,8,8,3],7,10],[[7,0,4,4],0],10] vs. [8,5]
Compare [[7,8,8,3],7,10] vs. 8
Compare [[7,8,8,3],7,10] vs. [8]
Compare [7,8,8,3] vs. 8
Compare [7,8,8,3] vs. [8]
Compare 7 vs. 8
 - right

95:
Compare [[10]] vs. [[[[2],8]],[],[],[1,3,[[3,4],[],[1,1,2,9]],[8,0,[9,0],3,[3,5,6]],1],[[8]]]
Compare [10] vs. [[[2],8]]
Compare 10 vs. [[2],8]
Compare [10] vs. [[2],8]
Compare 10 vs. [2]
Compare [10] vs. [2]
Compare 10 vs. 2
 - wrong

96:
Compare [[[[5],[4,6],[0,8,10,0,7]]],[[3,[6],10,2],[],5],[],[]] vs. [[[[2,1,2,9,9]],[[9],[1,4,4],8,[4,5,4,6],7],[[7,9,5],[5,2,0,4]],5],[[9],[[4,2],[1,7,5,9]],4,10,[2]],[2,6,2,7,[[9],[0],1,10,[3]]],[2,1,2,10]]
Compare [[[5],[4,6],[0,8,10,0,7]]] vs. [[[2,1,2,9,9]],[[9],[1,4,4],8,[4,5,4,6],7],[[7,9,5],[5,2,0,4]],5]
Compare [[5],[4,6],[0,8,10,0,7]] vs. [[2,1,2,9,9]]
Compare [5] vs. [2,1,2,9,9]
Compare 5 vs. 2
 - wrong

97:
Compare [[[[5,0]],3,[8,2,10],[[7,6,2,9],9,5,[7,2,8,10,9]],0],[[[3,7],7,[]],6],[5],[1,3,3,[[3,9,8],[1,3,7,6],1,[8,0,8],8],[[2,3],[6,1],[8],8,4]]] vs. [[[8,[1,8,3,9,6]],2,[10],[9,[0,0],[],0]],[[[4,0,8],0,6,8,[1,4]]],[7,2,[0,6,[4,8,0]],1,5],[2],[[[2,3]],9]]
Compare [[[5,0]],3,[8,2,10],[[7,6,2,9],9,5,[7,2,8,10,9]],0] vs. [[8,[1,8,3,9,6]],2,[10],[9,[0,0],[],0]]
Compare [[5,0]] vs. [8,[1,8,3,9,6]]
Compare [5,0] vs. 8
Compare [5,0] vs. [8]
Compare 5 vs. 8
 - right

98:
Compare [[3,[5],8]] vs. [[5],[[7,[7,2,8],[5,2,6,7],9,7],0,[],5],[[],2,3,[[8,9,2,0,8]]]]
Compare [3,[5],8] vs. [5]
Compare 3 vs. 5
 - right

99:
Compare [[[[10,10],[6,10,10]],[],[3]],[10,1,[[],6,[3,9,0,1],[4,9],5]],[]] vs. [[[0,[8]],[5,0,[3,8,6,5,1]],10,[9,[3,9,9,7,3],2,[1,0]]],[3,3,[[4,10]],3,[[0,7,4],5,[],[6,5,5,3,2]]],[[6,3,[],4,[10,1,0,0,1]],8],[[],[],8],[6,[7,[]],[]]]
Compare [[[10,10],[6,10,10]],[],[3]] vs. [[0,[8]],[5,0,[3,8,6,5,1]],10,[9,[3,9,9,7,3],2,[1,0]]]
Compare [[10,10],[6,10,10]] vs. [0,[8]]
Compare [10,10] vs. 0
Compare [10,10] vs. [0]
Compare 10 vs. 0
 - wrong

100:
Compare [[[4,0,[6,10,8,1,2]],[],7,1,[6,[0],8,[6,8,8,10,5]]],[[2],1],[[],4],[0,[9,[10,9],1,9]]] vs. [[5,10],[[],7],[[6,[1,9,10,0,9],3,[]],5,[[7,7,3,2,7],[]],[],7]]
Compare [[4,0,[6,10,8,1,2]],[],7,1,[6,[0],8,[6,8,8,10,5]]] vs. [5,10]
Compare [4,0,[6,10,8,1,2]] vs. 5
Compare [4,0,[6,10,8,1,2]] vs. [5]
Compare 4 vs. 5
 - right

101:
Compare [[2,1,9,3]] vs. [[[]],[8,[[2],3,[10],[]]]]
Compare [2,1,9,3] vs. [[]]
Compare 2 vs. []
Compare [2] vs. []
 - wrong

102:
Compare [[[9,7],[3,[]],4],[10,[9],[],[[5,7,0],[4,9,5,5,5],[5,2,0,5],3],[[],5,[1,6,0,2],[],[]]],[[],[0],[[6]],10,4]] vs. [[9,10,[6,7,8],5]]
Compare [[9,7],[3,[]],4] vs. [9,10,[6,7,8],5]
Compare [9,7] vs. 9
Compare [9,7] vs. [9]
Compare 9 vs. 9
 - wrong

103:
Compare [[[[9,5,4,8],[],[4,3,8,4,4],2],[1,3,5],[[],1],[8],[]],[5],[0,8,4,[9,4,3,5,[3,8,10,4,6]]],[[3,1],10,7,6],[2]] vs. [[4,2,[[1,8,2,7],1,4,10,5]],[5,[[5],2,[0,6,6,5],1,[7]],0,7,[[7,3,3]]],[[5,8,[0]],5,[],5],[[]],[[],[3,4,[5,8,0],[3,8,10]],5,1,3]]
Compare [[[9,5,4,8],[],[4,3,8,4,4],2],[1,3,5],[[],1],[8],[]] vs. [4,2,[[1,8,2,7],1,4,10,5]]
Compare [[9,5,4,8],[],[4,3,8,4,4],2] vs. 4
Compare [[9,5,4,8],[],[4,3,8,4,4],2] vs. [4]
Compare [9,5,4,8] vs. 4
Compare [9,5,4,8] vs. [4]
Compare 9 vs. 4
 - wrong

104:
Compare [[8,4,8,9],[[[7,6,6,3],6,2,5,[5,7,6]],[],0],[[[5,7,10],0],[[5,4],3],7,2],[]] vs. [[5],[[4,[10,6],0,6,[5,8,5,1,1]],9,5,7,[7,4,6,10,7]],[1,[4]],[3,[1],5,[3,[2,8,10],4,8]],[9,[[5,0],1,[4,0,6],[7,0]]]]
Compare [8,4,8,9] vs. [5]
Compare 8 vs. 5
 - wrong

105:
Compare [[[[10,8,8,5,2],3,[0,1,8,7,9],6],7,1],[],[[1,8,1],[4,[8],[6,9],5]],[[4],[[1,9],[9,2],[4],[10,10],[10,1]],9,2],[]] vs. [[[5,[]]],[[[3],[10,1,0,1,7],[9,10,7]],10,5,6],[],[[8,[2,5,7,7],8]],[7,[[4],[8,8,6],9],[[10,6,8]],1,[]]]
Compare [[[10,8,8,5,2],3,[0,1,8,7,9],6],7,1] vs. [[5,[]]]
Compare [[10,8,8,5,2],3,[0,1,8,7,9],6] vs. [5,[]]
Compare [10,8,8,5,2] vs. 5
Compare [10,8,8,5,2] vs. [5]
Compare 10 vs. 5
 - wrong

106:
Compare [[],[[[1,6,1,5],[2,5,5,3],[],0,5],[],[5],8]] vs. [[[[8,3,3,3,1],[3,8,0,8,10],[6,10],[]],[8,[9],[4,3,9,8],[]],3,[],[[8,0]]]]
Compare [] vs. [[[8,3,3,3,1],[3,8,0,8,10],[6,10],[]],[8,[9],[4,3,9,8],[]],3,[],[[8,0]]]
 - right

107:
Compare [[[[0,7,2,9]],[5,[5,4,7],9,[9,8,2,4]],10,[[7,3,2],4,[8,3,0,10,1],[1,5]],7],[1,10,1],[]] vs. [[[3],[10,[],[1,0,5]],[[9,8,8,8]]],[[7,9,2,1,[]],[4],[3,[10,0,3,0],7,[6]],10,[4,6,[2]]],[[[0],[],[10],1],6]]
Compare [[[0,7,2,9]],[5,[5,4,7],9,[9,8,2,4]],10,[[7,3,2],4,[8,3,0,10,1],[1,5]],7] vs. [[3],[10,[],[1,0,5]],[[9,8,8,8]]]
Compare [[0,7,2,9]] vs. [3]
Compare [0,7,2,9] vs. 3
Compare [0,7,2,9] vs. [3]
Compare 0 vs. 3
 - right

108:
Compare [[8,[[]],0,0,9],[0,0,3,[],[[9,7,2],[3,7,7,2],[7,6,4],6,5]]] vs. [[],[6,8,[4,7],[2,10,[4],[1],[6,1,5]],7],[8]]
Compare [8,[[]],0,0,9] vs. []
 - wrong

109:
Compare [[3,[[1,0,8,5],5,[],[4],[]],5,[3,6,10,[],7],9],[4,[6,[4,4,5]],[]]] vs. [[0],[0,[5,4,5,8,6],3],[10,6,[]],[5,5,10,6,10],[10,[0]]]
Compare [3,[[1,0,8,5],5,[],[4],[]],5,[3,6,10,[],7],9] vs. [0]
Compare 3 vs. 0
 - wrong

110:
Compare [[]] vs. [[],[2],[8,7]]
Compare [] vs. []
 - right

111:
Compare [[],[[],7,[5],2,3]] vs. [[[5,[9,5,10],6,[10,6],4]],[[[4,9,10,9,1],[8,2,4],5,[10,10,5],7],[2,9,2,6]]]
Compare [] vs. [[5,[9,5,10],6,[10,6],4]]
 - right

112:
Compare [[],[]] vs. [[3,2,[[3,3],10,7],3],[],[[],[]],[[[8,10,10,4,8],9,[4,8,3,0,4]],[8]]]
Compare [] vs. [3,2,[[3,3],10,7],3]
 - right

113:
Compare [[[0,[9,3,10,2,4],4]]] vs. [[],[2],[[9,6,5,[3,5,8,4],[9,9,3,6]],[8,[4,1,3],[]],0,0],[[7,2,[3,9,6,0],3,[1,3,10,0,3]],10,[[7,0,4,10],9,3],[[7],[7,6,6,4,10],[10,5,2,5],[4,1,10,8]]],[9,[[3]],[1,[9,6,10],[6,2]],[0,7]]]
Compare [[0,[9,3,10,2,4],4]] vs. []
 - wrong

114:
Compare [[3,[[],9,6,5,6],[]],[[[6],7],6],[5],[4,[4,0,[5]]]] vs. [[],[3,[],[8,[10,4,7]],[[10,3,4,1,10],4,5,8]],[[[6,4,2,8],[],5]],[5,0]]
Compare [3,[[],9,6,5,6],[]] vs. []
 - wrong

115:
Compare [[4,[[],[]],[]],[]] vs. [[5,6,0],[[2,0],[[8]],8,9],[1,6,2]]
Compare [4,[[],[]],[]] vs. [5,6,0]
Compare 4 vs. 5
 - right

116:
Compare [[[10,[],3,[8,1],[2,0,1,3,7]],3,[[1,6,4,2],[8,9,3,7],[1],[4,6,1,6]],7,[[0,1,7],[7]]],[[4,[4,0,6,1],7],2,5,10,[[7,10,4,3],1,5,[],5]],[[[2,6],[6],[6],[9,6,1],9],[[3,6,2,4],9,4,4],9,5]] vs. [[6,[],8]]
Compare [[10,[],3,[8,1],[2,0,1,3,7]],3,[[1,6,4,2],[8,9,3,7],[1],[4,6,1,6]],7,[[0,1,7],[7]]] vs. [6,[],8]
Compare [10,[],3,[8,1],[2,0,1,3,7]] vs. 6
Compare [10,[],3,[8,1],[2,0,1,3,7]] vs. [6]
Compare 10 vs. 6
 - wrong

117:
Compare [[],[[[],[9,10,3,0],4,10]]] vs. [[3,8,1],[],[9,6,2,1],[10,2,3,[[],1],[[1]]]]
Compare [] vs. [3,8,1]
 - right

118:
Compare [[10,[],[[],1,8,3,[9]],[[],2]]] vs. [[[[9,10]],1],[[7,6,6,[2,2,0],[3,1,10,0]],6,[]],[9,[[3,9,8,5],[4],1],[[8,10,8],4,[2,1,1]],6]]
Compare [10,[],[[],1,8,3,[9]],[[],2]] vs. [[[9,10]],1]
Compare 10 vs. [[9,10]]
Compare [10] vs. [[9,10]]
Compare 10 vs. [9,10]
Compare [10] vs. [9,10]
Compare 10 vs. 9
 - wrong

119:
Compare [[],[[]],[[7],7,6,0,[]],[[[1,0,6],3,10,6],[[3,2],[5,6,7],3,[],[2,4,0,2]]],[]] vs. [[[[4,4,3,7],[2,5,3],8,10],0],[],[6],[[[1,9],[],[4,6,5,4],[10,2,10,9,2],3],6,[3,7,[3,8],[7]]]]
Compare [] vs. [[[4,4,3,7],[2,5,3],8,10],0]
 - right

120:
Compare [[9,5],[0],[[4,[],[]],[8,[]]],[8,[9]]] vs. [[[[3,8,6,0],[9,9,9,3,0],1,9,6],9,[0,1,8],[6,[7,8]]],[5,9,4],[[[5,8,2]],[1,[],1,7,6],9,[7,7,2]],[],[]]
Compare [9,5] vs. [[[3,8,6,0],[9,9,9,3,0],1,9,6],9,[0,1,8],[6,[7,8]]]
Compare 9 vs. [[3,8,6,0],[9,9,9,3,0],1,9,6]
Compare [9] vs. [[3,8,6,0],[9,9,9,3,0],1,9,6]
Compare 9 vs. [3,8,6,0]
Compare [9] vs. [3,8,6,0]
Compare 9 vs. 3
 - wrong

121:
Compare [[[[5,4,8,7,4],8,2,7,10],4,[0,6,[6,9,2,6]]],[],[[1,[5]]],[5,6,9,1]] vs. [[],[6,4],[[[3,0,2]],[8,1,[6,7,5,5],2],[7,5,6],[],10],[4,[[],6,[]]]]
Compare [[[5,4,8,7,4],8,2,7,10],4,[0,6,[6,9,2,6]]] vs. []
 - wrong

122:
Compare [[[[],3],9],[[0,4,[2,2,2]]],[],[[2,9,6,[9,9,2]],2],[[6,4,6,5],6,6]] vs. [[],[[[],[],4,2],0,7],[[[9,7,6,10],9]]]
Compare [[[],3],9] vs. []
 - wrong

123:
Compare [[7,[[8,2,6],[7,6,10,8],[4,6],[0,7,3,1],7],7,[[7],[],[9,0,5,2],[8]],[4,[9,8,10]]],[[10],[1,8,0,[]],[7,[8],8,7],[[3,2,1,3],9],[[10,0,8,10,7],0,[2,0,4,1]]],[[3,[6,0,2],[1,10],7],5,7,1,[]]] vs. [[5,0],[8,[[10],[]],[9,10],[7,[9,4,0,5,0],6,4,[3]],[6]],[],[[0,[],[3,1,1],[],[9,9]]],[]]
Compare [7,[[8,2,6],[7,6,10,8],[4,6],[0,7,3,1],7],7,[[7],[],[9,0,5,2],[8]],[4,[9,8,10]]] vs. [5,0]
Compare 7 vs. 5
 - wrong

124:
Compare [[0],[0,[7,7,[3,5,2],3,[0,1,9,8]],[[10],[10,4,5,5,6]],[[4,9,4,8],2,[3],[7,5,2,7]]]] vs. [[[[9,4,1],[4,10]]],[2,[4],[],[[],[3,2,5],7,4],[6]]]
Compare [0] vs. [[[9,4,1],[4,10]]]
Compare 0 vs. [[9,4,1],[4,10]]
Compare [0] vs. [[9,4,1],[4,10]]
Compare 0 vs. [9,4,1]
Compare [0] vs. [9,4,1]
Compare 0 vs. 9
 - right

125:
Compare [[7,[[],8,[8,2,8,2],[3,1,3,10]]],[5,[],2,5,7],[2,[[]]],[],[[[],[2,6,8]],9,[2,2,3],[3]]] vs. [[4],[[]]]
Compare [7,[[],8,[8,2,8,2],[3,1,3,10]]] vs. [4]
Compare 7 vs. 4
 - wrong

126:
Compare [[[0,4],[6,1],8],[],[2],[]] vs. [[],[[[2,4],[8],0]]]
Compare [[0,4],[6,1],8] vs. []
 - wrong

127:
Compare [[3,[7,[6],2,4]],[7,[[]]],[6,7,8,6,0],[],[]] vs. [[],[9,0,1,[2,6,[3],[8,4,8,0,8],[2,1,4,7,1]]]]
Compare [3,[7,[6],2,4]] vs. []
 - wrong

128:
Compare [[[0],0,0,[]],[],[[3,8,7],4,[[8,6,5],[1,9,8]],[],2]] vs. [[3],[5,1,[1,[4,7,3,5,7],[7,1,5,3],[9,4,3]]],[1,[3,[4,7,10,8],[6,6,4,3,7],[4,1,7],8]],[7,[6,[0,2,8,10,10]]]]
Compare [[0],0,0,[]] vs. [3]
Compare [0] vs. 3
Compare [0] vs. [3]
Compare 0 vs. 3
 - right

129:
Compare [[9,[],[]],[[9,[4,2,10,5,0],0],1,10,[1,[2,0,5,2],[6,1],[2],4],5],[4,[10,[1,6,6,9,10],[5],[5,2]],2,[[4,4,6]]],[1,[],10,7],[10,[4,4,[0,6,10,6,0],4],1,3,[3,9,[5]]]] vs. [[[[2],[],7,[6],[9,8,5,5]],[[3,6],5,9,[7,3,6],[]],10],[10,[[8],[4,7,10,4,3]]]]
Compare [9,[],[]] vs. [[[2],[],7,[6],[9,8,5,5]],[[3,6],5,9,[7,3,6],[]],10]
Compare 9 vs. [[2],[],7,[6],[9,8,5,5]]
Compare [9] vs. [[2],[],7,[6],[9,8,5,5]]
Compare 9 vs. [2]
Compare [9] vs. [2]
Compare 9 vs. 2
 - wrong

130:
Compare [[4],[1]] vs. [[[],7,[[],[9,4]]],[[6,[7,1,0],[7,0,3],5],7,4,7,9],[[3,[4,10]],8,9,1,[1,[0,9,0,9]]]]
Compare [4] vs. [[],7,[[],[9,4]]]
Compare 4 vs. []
Compare [4] vs. []
 - wrong

131:
Compare [[4,[[8]]]] vs. [[2],[[[]]]]
Compare [4,[[8]]] vs. [2]
Compare 4 vs. 2
 - wrong

132:
Compare [[8,8,3],[]] vs. [[4,10,[10,0],9,4],[[],[[9,5,8,8,7],3,[3,8,2]],[[10],[7,8,2],[3],[2,8,7]]],[],[1,4,[9,8,5],6],[[8,1,[9,7,6],[8,10,10,0,9]],[],8]]
Compare [8,8,3] vs. [4,10,[10,0],9,4]
Compare 8 vs. 4
 - wrong

133:
Compare [[2,[[1,10,8,10],3,10,0,[0,10,5]],3],[3,[[8],[3,0,3,7]]]] vs. [[],[[[2,10,3,7,9],6,[3,10,4],[7]]],[],[10,[2,[]],1,8,1]]
Compare [2,[[1,10,8,10],3,10,0,[0,10,5]],3] vs. []
 - wrong

134:
Compare [[3],[5,3,2,[[7],1,[5,9,0,9,4],[4,8,1,1],7]],[[1],2,[1,[10,6,7,10],9],5,7],[],[]] vs. [[[0,[],10],[8,[],2]],[[[0,4,8,2],10,1,8],[5,2,3,[8,4,8,5,4],[0,5]],[7,8,3],[6,1,[10,8]]],[6,[],2],[]]
Compare [3] vs. [[0,[],10],[8,[],2]]
Compare 3 vs. [0,[],10]
Compare [3] vs. [0,[],10]
Compare 3 vs. 0
 - wrong

135:
Compare [[],[7,[[1],7,0],[6,3,[9,9]],4]] vs. [[],[4,[],[[6,6,3],9]]]
Compare [] vs. []
Compare [7,[[1],7,0],[6,3,[9,9]],4] vs. [4,[],[[6,6,3],9]]
Compare 7 vs. 4
 - wrong

136:
Compare [[9,[5,[9,8,2],9],0,9],[[[9,4,2]],2,2],[5,[],0,[[0,8,10,6],2],[[2,7],[9,5],9]]] vs. [[7,[[6,4,2,4,3],[9,3,7]],2,1,9]]
Compare [9,[5,[9,8,2],9],0,9] vs. [7,[[6,4,2,4,3],[9,3,7]],2,1,9]
Compare 9 vs. 7
 - wrong

137:
Compare [[3]] vs. [[6,[[6,0,8],[3,3,5,8],[]],[[4],[10,1,7,9],7,[]],8],[2,2],[[[3,0,7],[2,1,10,1,9],4,9]],[4],[9]]
Compare [3] vs. [6,[[6,0,8],[3,3,5,8],[]],[[4],[10,1,7,9],7,[]],8]
Compare 3 vs. 6
 - right

138:
Compare [[[],7,5,6,[]],[9,[[3,2],0,[1,3,9,8,5]],3,10,3],[7,8,[7],[8],2],[[],[[7],4]]] vs. [[[[6,2],3,7,[6,5,3,0],5],2,0,[[5]]],[6,4,3],[],[]]
Compare [[],7,5,6,[]] vs. [[[6,2],3,7,[6,5,3,0],5],2,0,[[5]]]
Compare [] vs. [[6,2],3,7,[6,5,3,0],5]
 - right

139:
Compare [[7,[[1,3,0,1,3],[3,1,1,2,2]],5,10,[0,10,2,5]]] vs. [[[],1,1,[]],[],[[],[1],[2],0,[[0,7,7,2,2],[2,6,8,1]]]]
Compare [7,[[1,3,0,1,3],[3,1,1,2,2]],5,10,[0,10,2,5]] vs. [[],1,1,[]]
Compare 7 vs. []
Compare [7] vs. []
 - wrong

140:
Compare [[5,10,7,9]] vs. [[3],[9,8,[[9,8,0],9,[7],5,[]],7],[[[2,6,10,7],1]],[3,[5,[7,1,10,0,10],6,9],10,4],[[4,8,[7,4,8,4,4],[],[3]],7,6]]
Compare [5,10,7,9] vs. [3]
Compare 5 vs. 3
 - wrong

141:
Compare [[[[1],[4,6]],[1,3,5]],[],[8,0],[[5,1,6,2],[],[[],1,[4,9]],[3,[10,9,5,5],[0,0,0]],4],[3]] vs. [[9],[[[4,3,6,0,3],3,[],[0,10,3,4],5],5,3,[[7]]],[]]
Compare [[[1],[4,6]],[1,3,5]] vs. [9]
Compare [[1],[4,6]] vs. 9
Compare [[1],[4,6]] vs. [9]
Compare [1] vs. 9
Compare [1] vs. [9]
Compare 1 vs. 9
 - right

142:
Compare [[5,3,5]] vs. [[],[4,[[1],[7],4,[],2],[],[[2,4,4,3,3],0,3,8]],[5,[],[[],5,1,4,2]]]
Compare [5,3,5] vs. []
 - wrong

143:
Compare [[2,[[6],1],1],[[[7,5,5],7,9,9],6,[1,4,10]]] vs. [[[[0,8,8,1],[8,8,10],[5],[8,8,10,2],2],9,5,[7,1],3],[4,[4,[9,1,1,3,10]]],[1,[],[2,[9,0,4,3,10]],[5]],[[],10,7]]
Compare [2,[[6],1],1] vs. [[[0,8,8,1],[8,8,10],[5],[8,8,10,2],2],9,5,[7,1],3]
Compare 2 vs. [[0,8,8,1],[8,8,10],[5],[8,8,10,2],2]
Compare [2] vs. [[0,8,8,1],[8,8,10],[5],[8,8,10,2],2]
Compare 2 vs. [0,8,8,1]
Compare [2] vs. [0,8,8,1]
Compare 2 vs. 0
 - wrong

144:
Compare [[[0,[1,4,6,4,10],10],[1],6,2],[10,0,7,[4,[9],4,8,5],[10,[9,6,7,5,2],[1,6,6,2]]],[[2,[1,4],[6,5,3],4],[[6,7,7,8],[9,2,8,4]],9,7]] vs. [[[5,[2,0,0,8],[8,5]],[[3],9,[9,0,0,0],[1],9],[2],[[],2,1,9]],[],[[9,5,7],6,[6],[10,[2,9,4],[],[]],9],[2]]
Compare [[0,[1,4,6,4,10],10],[1],6,2] vs. [[5,[2,0,0,8],[8,5]],[[3],9,[9,0,0,0],[1],9],[2],[[],2,1,9]]
Compare [0,[1,4,6,4,10],10] vs. [5,[2,0,0,8],[8,5]]
Compare 0 vs. 5
 - right

145:
Compare [[5,[0,[10,4,0,1,5],[8,4],9,[6]],[[4,5,10,5,7],[],[2,5,9,7],[5,3,2,6],[6,3,1]],6,[]],[0],[2]] vs. [[[],0,6],[[7,[5],[7],[7]],[[0,5]],[[8,0,10],[0,2,4,8,2]],10,[[]]],[[],[5],[[],10,1,4]],[6,[[2,5],[1],8,5],[[],[0,4,0,10],[10,6]],[2,8,[],10],10],[8,[10,[7,3,2],[10,3]],1,1]]
Compare [5,[0,[10,4,0,1,5],[8,4],9,[6]],[[4,5,10,5,7],[],[2,5,9,7],[5,3,2,6],[6,3,1]],6,[]] vs. [[],0,6]
Compare 5 vs. []
Compare [5] vs. []
 - wrong

146:
Compare [[[],[],[[]],0],[0,10,[9],[[0,5,1]]]] vs. []
 - wrong

147:
Compare [[[10,[4,3,9],[7]],0,[9,3,0,7],9],[[]],[[[9,2,7],[6,10,8,9,10],10,8,[9,1,2,9,1]],[[10,4],[8,9,4]],5,[[9,1,6,2,10],[0,6,0,2],[4,7,8,2],[5,10,5,10,8]],[[0,3,1,9,1],[2,0,4],[7,9],[0,5,1,0,6]]],[5,5],[9]] vs. [[[[6],2,[3,0],[0,5,5],7],[4,[0,9,9,0]],[10,[6,7]],9,[1,[1,0,7,2],[4,2,6,7,3],[5,9,3]]],[],[[[10],[10],[]],[[9,1,9]],[1,10,[]],5],[2,5,[7,[3,8],[]]],[]]
Compare [[10,[4,3,9],[7]],0,[9,3,0,7],9] vs. [[[6],2,[3,0],[0,5,5],7],[4,[0,9,9,0]],[10,[6,7]],9,[1,[1,0,7,2],[4,2,6,7,3],[5,9,3]]]
Compare [10,[4,3,9],[7]] vs. [[6],2,[3,0],[0,5,5],7]
Compare 10 vs. [6]
Compare [10] vs. [6]
Compare 10 vs. 6
 - wrong

148:
Compare [[[[4,4,2,3],[8,4,0,4,2],[],[9,1,7]],[],[[6,7,8,4,6],4,8]],[8,[],7],[]] vs. [[5,5,[[3,10,1],4,8,[4,1,10,0,1]],8,[[9,2,1,6],8,[9,7,8,3,8],[3,6,10,1]]],[[[5,0,10,6],[0],[7,2,0],[1,1,1,2,3]],[0,[0,7,10,4],8,[10,9],[]]],[10],[[[10,7],[0,1,4],[0,6,5,3]]],[]]
Compare [[[4,4,2,3],[8,4,0,4,2],[],[9,1,7]],[],[[6,7,8,4,6],4,8]] vs. [5,5,[[3,10,1],4,8,[4,1,10,0,1]],8,[[9,2,1,6],8,[9,7,8,3,8],[3,6,10,1]]]
Compare [[4,4,2,3],[8,4,0,4,2],[],[9,1,7]] vs. 5
Compare [[4,4,2,3],[8,4,0,4,2],[],[9,1,7]] vs. [5]
Compare [4,4,2,3] vs. 5
Compare [4,4,2,3] vs. [5]
Compare 4 vs. 5
 - right

149:
Compare [[[[10,6,4,9,9],[3,3,9,5,4],[9,6,1,7,6]],8,[]],[5,[[],[0,6],[9,8,6],7],10,[8]],[3,7,[6]]] vs. [[8],[],[[0,[2,4],[7]],[[8,3],9,[6]],[4,1],[6,2,10,1],[7,7,[2,1,2,4]]]]
Compare [[[10,6,4,9,9],[3,3,9,5,4],[9,6,1,7,6]],8,[]] vs. [8]
Compare [[10,6,4,9,9],[3,3,9,5,4],[9,6,1,7,6]] vs. 8
Compare [[10,6,4,9,9],[3,3,9,5,4],[9,6,1,7,6]] vs. [8]
Compare [10,6,4,9,9] vs. 8
Compare [10,6,4,9,9] vs. [8]
Compare 10 vs. 8
 - wrong

150:
Compare [[[[9,5],9,[8,1],[0,3,6,9],[6]],[[0,10,2,2],6]],[[[9,5,5]]],[6],[3,[],9,[[5,4,8,6,6],[10,6,6],[],9],1],[3,0,[[],9,[4],2]]] vs. [[5,[],[[]]],[[10,[],[8,8,6,9],[1,4],[5,2,7,9,6]],2,9],[],[[],2,5,[5,6,1,8],0]]
Compare [[[9,5],9,[8,1],[0,3,6,9],[6]],[[0,10,2,2],6]] vs. [5,[],[[]]]
Compare [[9,5],9,[8,1],[0,3,6,9],[6]] vs. 5
Compare [[9,5],9,[8,1],[0,3,6,9],[6]] vs. [5]
Compare [9,5] vs. 5
Compare [9,5] vs. [5]
Compare 9 vs. 5
 - wrong
